tree
version=v4
num_class=1
num_tree_per_iteration=1
label_index=0
max_feature_idx=48
objective=regression
feature_names=open high low close adjusted_close volume pe_ratio pb_ratio ps_ratio roe roa debt_to_equity current_ratio gross_margin net_margin operating_margin revenue_growth_yoy earnings_growth_yoy fcf_yield roic news_sentiment social_sentiment sentiment_signal value_score momentum_score quality_score size_score growth_score profitability_score close_return_1d close_return_5d close_return_21d volume_ratio_20d high_low_range open_close_range gap_open sma_20_ratio sma_50_ratio sma_200_ratio rsi_14 macd_signal macd_histogram bb_position atr_14_pct obv_slope adx_14 pe_ratio_zscore pb_ratio_zscore ps_ratio_zscore
feature_infos=[0.21449999511241913:9516] [0.22425000369548798:9720] [0.20825000107288361:9450] [0.20999999344348907:9540] [0.19253523647785187:9540] [0:3470095872] [0:2976.68701171875] [0:100] [0:99.779998779296875] [-187.19999694824219:300] [-78.5:100] [0:20] [0:10.659999847412109] [0:100] [-200:100] [-100:100] [-98.824050903320312:1000] [-100:1000] [-71.099998474121094:80.400001525878906] [-200:300] [-0.99800002574920654:0.375] [-0.99800002574920654:0.57999998331069946] [0:5] [0:99.947868347167969] [0:97.97314453125] [0:95.333221435546875] [0:4.6546926498413086] [0:96.583259582519531] [0:99.079399108886719] [-0.98903423547744751:89.732154846191406] [-0.98959779739379883:87.805076599121094] [-0.98966848850250244:97.542778015136719] [0:15.388445854187012] [0:0.25659161806106567] [-0.16855460405349731:0.22607026994228363] [-0.98855400085449219:84.896919250488281] [0.011574553325772285:16.492637634277344] [0.011298132129013538:32.854663848876953] [0:69.726341247558594] [0.0029940295498818159:1] [-4.9241299629211426:1.6202292442321777] [-8.3183984756469727:0.11655420809984207] [0:1] [0.0063587520271539688:19.819417953491211] [-11820.375:1959.5] [0.037046980112791061:1] [-0.84335947036743164:9.4755449295043945] [-1.0232762098312378:5.951594352722168] [-0.80207091569900513:7.4267978668212891]
tree_sizes=2852 2912 2947 2943 2909 2899 2901 2887 2884 2885 2910 2893 2883 2905 2877 2847 2846

Tree=0
num_leaves=31
num_cat=0
split_feature=0 32 34 24 38 41 38 34 38 26 36 48 18 8 38 45 7 40 43 43 43 37 32 45 38 33 38 37 16 42
split_gain=891.739 1460.49 2340.21 1092.01 1605.62 568.584 343.267 1959.49 295.7 162.196 402.015 1317.83 125.2 76.5112 106.35 760.838 2903.33 5938.22 15202 39235.1 91.5232 196.761 22.6063 230.357 14.9742 4.0624 3.42613 3.30586 2.11595 2.06161
threshold=1993.4899902343752 0.32342331111431127 -0.0010777689749374984 90.625789642333999 1.1547482609748843 0.018758124671876434 1.3864760994911196 -0.0091200731694698316 0.85794809460639965 2.9123952388763432 1.0146661400794985 -0.27866330742835993 -0.65000000596046437 1.0000000180025095e-35 1.1426282525062563 0.53276279568672191 4.4585354328155526 0.012541094794869425 0.17184618115425113 0.15636245906353 0.90478941798210155 0.89836770296096813 2.2075810432434086 0.47478380799293524 0.87577238678932201 0.060310712084174163 0.74697032570838939 0.99887636303901683 64.444301605224624 0.70470663905143749
decision_type=2 2 2 2 2 2 2 2 2 2 2 2 2 2 2 2 2 2 2 2 2 2 2 2 2 2 2 2 2 2
left_child=13 2 -2 5 -5 6 8 -8 -3 12 11 -11 -10 14 20 22 17 -17 19 -19 26 -22 -16 -24 25 29 -1 -26 -18 -15
right_child=1 3 -4 4 -6 -7 7 -9 9 10 -12 -13 -14 24 15 16 28 18 -20 -21 21 -23 23 -25 27 -27 -28 -29 -30 -31
leaf_value=0.028089027269281547 0.39333909267299449 0.13765037103077216 0.02550093601798651 0.38014988116043635 0.027327663214253513 0.15849244257750938 0.3281297826131182 0.026310935354070676 0.080285332491282529 0.02495190464192186 0.025250314550999794 0.27117447474137263 0.026491470620506094 0.027458125614873825 0.026672729580595002 0.026951200420898346 0.026996443197050728 0.025770838889881686 0.025807791692457248 1.6118977171070008 0.13810772390492412 0.02573787298353792 0.026543572368657377 0.12853908775277467 0.026684066541592926 0.028901655955765184 0.026796263038142924 0.026436985809200998 0.034815400618811179 0.026695521736448256
leaf_weight=2033 27 23 35 20 26 34 23 100 39 60 156 28 1464 13111 7600 233 1207 36 91 22 20 42 211 21 73693 1497 19844 144303 31 4210
leaf_count=2033 27 23 35 20 26 34 23 100 39 60 156 28 1464 13111 7600 233 1207 36 91 22 20 42 211 21 73693 1497 19844 144303 31 4210
internal_value=0.0269252 0.0467044 0.188914 0.0421543 0.185043 0.0386616 0.0364394 0.0846981 0.0330535 0.0316121 0.054247 0.105126 0.0279199 0.0267751 0.0281668 0.0308269 0.0495349 0.121719 0.268944 0.644021 0.0270204 0.0631275 0.0269553 0.0361594 0.0265906 0.0274024 0.0269166 0.0265205 0.0272008 0.0272726
internal_weight=270240 2035 62 1973 46 1927 1893 123 1770 1747 244 88 1503 268205 31391 9452 1620 382 149 58 21939 62 7832 232 236814 18818 21877 217996 1238 17321
internal_count=270240 2035 62 1973 46 1927 1893 123 1770 1747 244 88 1503 268205 31391 9452 1620 382 149 58 21939 62 7832 232 236814 18818 21877 217996 1238 17321
is_linear=0
shrinkage=1


Tree=1
num_leaves=31
num_cat=0
split_feature=0 32 34 13 33 33 35 32 33 40 32 5 38 45 35 37 35 45 31 46 30 36 38 35 13 30 5 0 47 33
split_gain=841.017 1377.15 2206.8 902.115 877.732 1443.09 1110.31 1446.01 1980.71 2473.63 299.546 273.906 807.992 3745.46 6857.25 1648.23 397.928 342.001 270.701 134.517 183.018 105.028 15.9684 14.8442 343.821 12.249 434.837 602.433 4.35199 3.3796
threshold=1993.4899902343752 0.32342331111431127 -0.0010777689749374984 34.149999618530281 0.01755368243902922 0.018104883842170242 0.0024134048726409678 1.1793906688690188 0.020703918300569061 -0.0014459348749369381 0.6259310543537141 413350.00000000006 1.1426282525062563 0.55821579694747936 0.0075983547139912852 1.0720422267913821 -0.014232149347662924 0.5747201442718507 -0.22775264084339139 -0.23496565222740171 0.0040542772039771089 1.1051604747772219 0.87577238678932201 -0.045312440022826188 13.050000190734865 0.10136052221059801 720050.00000000012 263.41499328613287 0.36050704121589666 0.072985548526048674
decision_type=2 2 2 2 2 2 2 2 2 2 2 2 2 2 2 2 2 2 2 2 2 2 2 2 2 2 2 2 2 2
left_child=11 2 -2 4 -3 -6 10 8 -8 -10 -7 12 18 16 15 17 -14 -15 -1 20 -5 -21 29 24 -24 28 27 -27 -25 -13
right_child=1 3 -4 19 5 6 7 -9 9 -11 -12 22 13 14 -16 -17 -18 -19 -20 21 -22 -23 23 25 -26 26 -28 -29 -30 -31
leaf_value=0.10518435372955919 0.35578374112716743 -0.0025256713789040077 -0.0014130205961058284 -0.0015665056037250905 0.30260985137629909 0.11788296060184283 -0.0010358457086800501 -0.0036105617401000034 0.094810527182924681 0.5058453913185138 -0.0027292298730083333 0.00039656098893944597 0.13165518412712429 0.13226531067626948 0.54575006129093662 0.28910950210408309 -0.0007500107911416271 -0.00043068242137669585 -0.00040708954641977972 -0.00043771007653356807 0.11839002517431177 0.048877735075727104 0.12359558920672031 -0.000477924921316999 -2.2906457969417811e-05 0.21167163778841494 -9.4059538325175251e-05 -0.00075699426303617659 -0.0001905220023562097 0.0021482493616571856
leaf_weight=21 27 191 35 25 23 20 28 48 26 27 157 20798 20 20 32 24 749 104 3226 1369 20 39 20 173959 565 20 2333 28 65245 1041
leaf_count=21 27 191 35 25 23 20 28 48 26 27 157 20798 20 20 32 24 749 104 3226 1369 20 39 20 173959 565 20 2333 28 65245 1041
internal_value=-2.98579e-05 0.0191786 0.157271 0.0147602 0.0486288 0.0782532 0.0604493 0.127028 0.203579 0.309751 0.0114681 -0.000175684 0.00742804 0.0317633 0.154546 0.0668462 0.00285617 0.0218348 0.000307074 0.00261204 0.053097 0.000959863 -0.000296572 -0.000366644 0.00440195 -0.000378221 0.00176222 0.0902072 -0.000399547 0.000480291
internal_weight=270240 2035 62 1973 520 329 306 129 81 53 177 268205 4196 949 180 148 769 124 3247 1453 45 1408 264009 242170 585 241585 2381 48 239204 21839
internal_count=270240 2035 62 1973 520 329 306 129 81 53 177 268205 4196 949 180 148 769 124 3247 1453 45 1408 264009 242170 585 241585 2381 48 239204 21839
is_linear=0
shrinkage=0.03


Tree=2
num_leaves=31
num_cat=0
split_feature=0 32 41 13 33 33 35 43 40 41 31 5 3 1 4 41 46 36 35 5 30 5 32 37 3 33 37 26 25 8
split_gain=793.197 1298.56 2196.09 850.879 827.819 1361.37 1046.88 1494.11 1515.53 537.419 296.525 258.309 470.937 30262.4 384.003 151.66 133.888 176.864 12.6497 340.264 10.1036 311.649 714.935 8.77705 4.93956 3.52195 2.36831 2.10676 1.93456 2.12532
threshold=1993.4899902343752 0.32342331111431127 -0.00012718324433080849 34.149999618530281 0.01755368243902922 0.018104883842170242 0.0024134048726409678 0.02443027496337891 0.010938830208033325 0.0060650536324828872 -0.097114518284797655 413350.00000000006 52.572221755981452 40.12249946594239 34.165805816650398 0.013902059756219389 -0.23496565222740171 1.0178216695785525 -0.045312440022826188 1364287.5000000002 0.10136052221059801 720050.00000000012 0.9967101812362672 0.93658697605133068 30.950537681579593 0.072985548526048674 0.99714186787605297 1.146544396877289 86.509532928466811 1.5149999856948855
decision_type=2 2 2 2 2 2 2 2 2 2 2 2 2 2 2 2 2 2 2 2 2 2 2 2 2 2 2 2 2 2
left_child=11 2 -2 4 -3 -6 10 8 -8 -9 -7 12 13 14 -1 16 17 -5 19 -13 23 22 -22 25 28 -20 -26 -28 29 -25
right_child=1 3 -4 15 5 6 7 9 -10 -11 -12 18 -14 -15 -16 -17 -18 -19 20 -21 21 -23 -24 24 26 -27 27 -29 -30 -31
leaf_value=-0.00081610365534620524 -0.010472885410048599 -0.0024502958701905298 0.34451469311042654 0.1157653133758743 0.29390981855988502 0.11702062536776066 0.08940303992026527 -0.0061140702490312315 0.45106702840634216 0.14686941449665888 -0.0029809136249455094 0.12256157431033106 -0.00059717645060880086 0.9190901779862628 0.12541853196730582 0.074343935493129093 -0.00044559671932993658 -0.0021334392933998829 0.00018679956181719116 0.00052037769199553057 -0.002219440330192295 1.1663651027343332e-05 0.21041784575954081 0.00053094115048055114 -0.00026372030944928895 0.0021564681463098908 -0.00043466998066336285 -0.00074014584658626972 -0.0066519292534257361 -0.00011818313482858284
leaf_weight=1527 34 191 28 20 23 20 22 55 20 32 157 20 2616 32 21 25 1383 25 20166 987 44 3051 20 5936 62310 851 127077 24233 38 19276
leaf_count=1527 34 191 28 20 23 20 22 55 20 32 157 20 2616 32 21 25 1383 25 20166 987 44 3051 20 5936 62310 851 127077 24233 38 19276
internal_value=-2.86207e-05 0.0186257 0.15272 0.0143352 0.047228 0.0759978 0.058705 0.123354 0.268179 0.0511512 0.011143 -0.00017024 0.00721381 0.0201405 0.000974307 0.00253703 0.00122666 0.0515783 -0.000287636 0.0030664 -0.000300502 0.00139746 0.0663985 -0.00032087 -0.000372589 0.000266795 -0.000419492 -0.000483618 2.41003e-05 3.45449e-05
internal_weight=270240 2035 62 1973 520 329 306 129 42 87 177 268205 4196 1580 1548 1453 1428 45 264009 1007 263002 3115 64 259887 238870 21017 213620 151310 25250 25212
internal_count=270240 2035 62 1973 520 329 306 129 42 87 177 268205 4196 1580 1548 1453 1428 45 264009 1007 263002 3115 64 259887 238870 21017 213620 151310 25250 25212
is_linear=0
shrinkage=0.03


Tree=3
num_leaves=31
num_cat=0
split_feature=0 33 13 37 40 8 35 44 30 40 41 5 38 4 1 36 35 46 35 38 35 30 29 5 36 5 7 33 35 37
split_gain=748.252 1252.88 866.632 784.767 1778.45 1009.66 785.673 1419.45 723.796 350.39 556.022 243.537 723.847 2254.08 31581.5 392.402 229.749 109.048 199.364 14.5131 13.4776 332.374 11.6732 244.869 5.30859 137.179 3.98162 3.03337 2.23973 2.1705
threshold=1993.4899902343752 0.008133985102176668 34.149999618530281 1.0711268782615664 0.019965756684541706 3.2150000333786015 0.0099736009724438208 0.0015991920372471216 0.034562386572360999 -0.024304227903485295 0.0034715317888185386 413350.00000000006 1.1426282525062563 37.533847808837898 40.12249946594239 0.98727643489837658 -0.045312440022826188 -0.23496565222740171 0.0026445605326443915 0.87577238678932201 -0.045312440022826188 0.035777151584625251 0.068643994629383101 1161550.0000000002 1.1172353029251101 720050.00000000012 21.791643142700199 0.060310712084174163 0.0079528042115271109 0.99887636303901683
decision_type=2 2 2 2 2 2 2 2 2 2 2 2 2 2 2 2 2 2 2 2 2 2 2 2 2 2 2 2 2 2
left_child=11 -2 3 4 5 6 8 -8 -3 10 -4 12 16 14 15 -14 -1 18 -11 27 21 -21 24 -24 26 -26 29 -13 -17 -22
right_child=1 2 9 -5 -6 -7 7 -9 -10 17 -12 19 13 -15 -16 28 -18 -19 -20 20 22 -23 23 -25 25 -27 -28 -29 -30 -31
leaf_value=0.096884102947893555 0.24864916607967047 -0.004442074508908646 -0.0011227788442141702 -0.0050836555990280904 0.28329656045892354 0.20713825920228296 -0.0071187922704219822 0.33020472710366761 0.15007225054670725 -0.005468687266239055 0.18293091989405919 0.00035560069317010624 0.13158914943704647 -0.0011968210492640373 1.1419093254506587 -0.001892458442067046 -0.00039303991634702081 -0.00079123724388856329 0.1147909860879715 -0.00015226497641057096 -0.00030266423200192084 0.12139096641061563 0.10440389205315816 0.0003910810296402385 0.056939257783170508 -7.1535565607791735e-05 -0.00014502648350578964 0.0016432603103582648 -0.0089715700880538748 -0.00051720846836772905
leaf_weight=21 20 227 36 169 32 33 24 20 30 30 24 20044 20 652 23 204 3226 1370 20 565 64905 20 20 682 38 1456 51359 1795 50 123125
leaf_count=21 20 227 36 169 32 33 24 20 30 30 24 20044 20 652 23 204 3226 1370 20 565 64905 20 20 682 38 1456 51359 1795 50 123125
internal_value=-2.74303e-05 0.0180907 0.0156786 0.0483639 0.072998 0.0520552 0.0344132 0.150074 0.0140948 0.00383661 0.0742415 -0.000164979 0.00700483 0.0300381 0.0983916 0.00695225 0.000264812 0.000809497 0.0438839 -0.00027897 -0.000345773 0.004198 -0.000356805 0.00350297 -0.00036808 0.00141365 -0.000379218 0.000461644 -0.00332747 -0.000443169
internal_weight=270240 2035 2015 535 366 334 301 44 257 1480 60 268205 4196 949 297 274 3247 1420 50 264009 242170 585 241585 702 240883 1494 239389 21839 254 188030
internal_count=270240 2035 2015 535 366 334 301 44 257 1480 60 268205 4196 949 297 274 3247 1420 50 264009 242170 585 241585 702 240883 1494 239389 21839 254 188030
is_linear=0
shrinkage=0.03


Tree=4
num_leaves=31
num_cat=0
split_feature=3 32 34 24 37 5 35 36 38 43 32 5 38 45 35 37 35 44 35 43 36 38 38 35 5 29 13 36 5 47
split_gain=704.435 1214.63 2090.41 915.181 1580.4 500.815 632.77 2486.27 360.227 671.627 288.573 230.118 683.732 3397.56 6095.02 1470.89 362.898 330.456 216.769 172.913 172.841 186.594 13.6449 12.7157 324.924 11.0121 229.692 5.01288 133.074 3.73675
threshold=1989.8899536132815 0.32342331111431127 -0.0010777689749374984 90.625789642333999 1.0466704964637759 940216.50000000012 0.0064339868258684882 1.0064318180084231 0.95002001523971569 0.047349415719509132 0.94078537821769725 413350.00000000006 1.1426282525062563 0.55821579694747936 0.0075983547139912852 1.0720422267913821 -0.014232149347662924 -0.013854184187948702 -0.045312440022826188 0.017328696325421337 1.141315817832947 1.5148741006851199 0.87577238678932201 -0.045312440022826188 1735850.0000000002 0.068643994629383101 11.649999618530275 1.1172353029251101 720050.00000000012 0.36050704121589666
decision_type=2 2 2 2 2 2 2 2 2 2 2 2 2 2 2 2 2 2 2 2 2 2 2 2 2 2 2 2 2 2
left_child=11 2 -2 5 -5 20 8 -8 9 -7 -9 12 18 16 15 17 -14 -15 -1 -10 21 -3 -13 24 -24 27 -27 29 -29 -25
right_child=1 3 -4 4 -6 6 7 10 19 -11 -12 22 13 14 -16 -17 -18 -19 -20 -21 -22 -23 23 25 -26 26 -28 28 -30 -31
leaf_value=0.094109692542983056 0.34044250337566645 -0.00099065113060581712 -0.0070505906094652654 0.33779040861555509 -0.011585467788494294 0.22015528070021953 0.35697594852591502 0.11995650238437312 0.074635077803661784 -0.005745299744153662 -0.0071447857073660033 0.00044752888917581353 0.12464691095799209 0.12947717917073584 0.51496159254962737 0.27341864958286288 -0.0017986901806996292 -0.00095508845938103526 -0.00037985059370760239 -0.0039314607164004393 0.085368581903929056 0.070114504223590154 0.11995017864422075 -0.00044040984185491104 -0.00022293135014357247 0.098810522190887817 0.00031398022524600425 0.0567970351221187 -6.9390964483017511e-05 -0.0001741643966892696
leaf_weight=21 27 1437 35 20 26 20 25 20 27 27 68 21840 20 20 32 24 748 104 3223 252 21 33 20 174118 565 21 680 37 1456 65273
leaf_count=21 27 1437 35 20 26 20 25 20 27 27 68 21840 20 20 32 24 748 104 3223 252 21 33 20 174118 565 21 680 37 1456 65273
internal_value=-2.62587e-05 0.0175404 0.147231 0.0133972 0.144208 0.0102048 0.0383295 0.0991883 0.0169863 0.092904 0.0227314 -0.000159819 0.00681304 0.0292111 0.146138 0.063451 0.00164807 0.0209259 0.000259715 0.00390044 0.00190177 0.000650127 -0.000270572 -0.000335348 0.00407811 -0.000346064 0.00340549 -0.000357008 0.00137496 -0.000367828
internal_weight=270240 2038 62 1976 46 1930 439 113 326 47 88 268202 4192 948 180 148 768 124 3244 279 1491 1470 264010 242170 585 241585 701 240884 1493 239391
internal_count=270240 2038 62 1976 46 1930 439 113 326 47 88 268202 4192 948 180 148 768 124 3244 279 1491 1470 264010 242170 585 241585 701 240884 1493 239391
is_linear=0
shrinkage=0.03


Tree=5
num_leaves=31
num_cat=0
split_feature=1 32 43 5 48 36 30 47 5 37 5 38 45 37 30 38 40 36 41 38 30 38 30 5 5 34 38 1 3 7
split_gain=820.435 2084.39 2341.13 740.797 797.436 1160.72 2435.7 1902.6 262.122 510.081 231.377 1772.96 13875.1 17816.4 238.986 161.479 170.94 175.693 44.0087 559.036 869.803 12.4249 11.2226 545.264 7.43396 306.939 5.78572 4.76759 7.7485 3.49447
threshold=2013.654968261719 0.32342331111431127 0.025786989368498329 940216.50000000012 -0.27866330742835993 1.0299708843231203 0.011382871307432653 -0.040461637079715722 1273750.0000000002 1.0619304180145266 413350.00000000006 1.2010086774826052 0.59726709127426159 1.0675088763237002 -0.10746974870562552 1.5148741006851199 0.036015996709465987 1.1172353029251101 -0.0040335236117243758 1.1502373814582827 -0.020421179011464115 0.87577238678932201 0.10136052221059801 667950.00000000012 450550.00000000006 0.019200164824724201 1.1740539669990542 77.056640625000014 29.032768249511722 21.791643142700199
decision_type=2 2 2 2 2 2 2 2 2 2 2 2 2 2 2 2 2 2 2 2 2 2 2 2 2 2 2 2 2 2
left_child=10 2 -2 15 -5 6 7 -6 9 -7 11 14 -13 -14 -1 16 17 -3 19 -16 -21 -12 24 -24 25 -23 -20 28 -28 -26
right_child=1 3 -4 4 5 8 -8 -9 -10 -11 21 12 13 -15 18 -17 -18 -19 26 20 -22 22 23 -25 29 -27 27 -29 -30 -31
leaf_value=0.10192077202137027 0.43964332772410386 -0.0010334789566424658 0.047251853404370575 -0.0046248249672724796 0.24833116434240024 0.16777677619374462 0.37123693365762905 -0.0073779366640017961 -0.0074030142019964355 -0.0035464409147136491 0.00042304127157704512 -0.0016224695043899147 -0.0077629174203565337 1.173725315721367 -2.4335514520328812e-05 0.067830227114794348 0.070315576062972465 0.084380529596893628 -0.00073768960742888272 0.25094872611920749 -0.0023864573185332118 -0.0004032728141904517 0.11445577053801688 -0.00011267247407092293 -0.00041573671056909422 0.11056142917555332 -0.0052396825428983329 -0.0028256601405905364 -0.027759359804381215 -0.00013647078350780272
leaf_weight=20 21 1461 37 187 37 26 30 84 112 37 21778 307 24 21 680 33 31 21 2986 20 29 911 37 2314 187538 22 43 142 20 51419
leaf_count=20 21 1461 37 187 37 26 30 84 112 37 21778 307 24 21 680 33 31 21 2986 20 29 911 37 2314 187538 22 43 142 20 51419
internal_value=-4.09517e-06 0.0185942 0.194419 0.0135479 0.044749 0.0730076 0.13367 0.0721841 0.0201856 0.0686283 -0.000150917 0.0067578 0.0711676 0.557063 0.000986057 0.00317049 0.00171435 0.0002309 0.000444457 0.00709008 0.103907 -0.000263265 -0.000324979 0.00173702 -0.000345207 0.00232562 -0.00107457 -0.00593962 -0.0127577 -0.000355657
internal_weight=270428 2117 58 2059 513 326 151 121 175 63 268311 4292 352 45 3940 1546 1513 1482 3920 729 49 264019 242241 2351 239890 933 3191 205 63 238957
internal_count=270428 2117 58 2059 513 326 151 121 175 63 268311 4292 352 45 3940 1546 1513 1482 3920 729 49 264019 242241 2351 239890 933 3191 205 63 238957
is_linear=0
shrinkage=0.03


Tree=6
num_leaves=31
num_cat=0
split_feature=1 32 34 5 31 34 5 29 43 37 34 5 38 4 0 30 38 40 36 41 38 32 38 35 30 30 5 35 38 4
split_gain=773.711 1966.45 2296.8 698.393 871.102 3129.54 495.157 1004.35 2540.7 308.267 236.444 218.354 1672.89 5496.6 27323.3 225.521 152.204 161.142 165.77 41.5166 527.537 851.946 11.6897 11.2937 317.214 10.7982 513.769 8.13838 5.46458 5.21535
threshold=2013.654968261719 0.32342331111431127 0.00064984295750036847 940216.50000000012 -0.02950922958552837 0.0042031558696180591 1410650.0000000002 -0.0034257489023730154 0.023513927124440673 1.0372918844223025 -0.0032616298412904139 413350.00000000006 1.2010086774826052 37.533847808837898 34.390264511108406 -0.10746974870562552 1.5148741006851199 0.036015996709465987 1.1172353029251101 -0.0040335236117243758 1.1502373814582827 0.79242846369743358 0.87577238678932201 -0.045312440022826188 0.037036916241049773 0.10136052221059801 667950.00000000012 0.0068478283938020476 1.1562229394912722 110.17408752441408
decision_type=2 2 2 2 2 2 2 2 2 2 2 2 2 2 2 2 2 2 2 2 2 2 2 2 2 2 2 2 2 2
left_child=11 2 -2 16 5 10 7 8 -6 -9 -5 12 15 14 27 -1 17 18 -3 20 -17 -22 -13 24 -24 -25 -27 -14 -21 -30
right_child=1 3 -4 4 6 -7 -8 9 -10 -11 -12 22 13 -15 -16 19 -18 -19 -20 28 21 -23 23 25 -26 26 -28 -29 29 -31
leaf_value=0.099008749406252594 0.36078305350989098 -0.0010024957815600371 -0.014312817541084119 -0.011527257052628555 0.42503281342115945 0.36296304831125725 -0.0078056226667497152 0.11953449310149465 -0.0049490783293881721 -0.0060183743137817922 0.10453544399780887 0.00041035062771266784 -0.0021708221613791663 -0.0021664997803192815 1.2192571582347154 -2.3606508855255615e-05 0.065855168120825994 0.068272032509499703 0.081964177189902815 -0.00058432784299367936 -0.0041968990849331027 0.24646398310895476 -0.00037145233835926301 -0.00034524208483723115 0.11833395248791204 0.11111245662091593 -0.00010024453548600838 -0.024363617387849701 -0.0093005009784394542 -0.0018663151776393836
leaf_weight=20 31 1461 27 63 20 32 220 20 30 108 20 21778 53 259 20 680 33 31 21 2811 29 20 574 239302 20 37 2308 20 129 251
leaf_count=20 31 1461 27 63 20 32 220 20 30 108 20 21778 53 259 20 680 33 31 21 2811 29 20 574 239302 20 37 2308 20 129 251
internal_value=-3.62071e-06 0.0180573 0.188836 0.0131559 0.0434508 0.115821 0.0222944 0.0593491 0.171946 0.0143506 0.0173155 -0.000146201 0.00656527 0.069131 0.265633 0.000958751 0.00307973 0.00166596 0.000225599 0.000432608 0.00688734 0.100937 -0.000255341 -0.000315202 0.00381248 -0.000325377 0.00169983 -0.00853865 -0.00104277 -0.00441569
internal_weight=270428 2117 58 2059 513 115 398 178 50 128 83 268311 4292 352 93 3940 1546 1513 1482 3920 729 49 264019 242241 594 241647 2345 73 3191 380
internal_count=270428 2117 58 2059 513 115 398 178 50 128 83 268311 4292 352 93 3940 1546 1513 1482 3920 729 49 264019 242241 594 241647 2345 73 3191 380
is_linear=0
shrinkage=0.03


Tree=7
num_leaves=31
num_cat=0
split_feature=1 33 8 39 30 39 8 39 37 41 43 5 42 5 38 45 37 40 34 41 30 38 34 38 35 13 30 5 9 38
split_gain=729.776 902.274 675.458 871.157 2082.12 922.444 648.072 437.43 684.108 434.701 451.105 250.511 519.927 206.1 1578.69 12728.4 16279.5 216.796 48.2789 211.568 37.402 564.422 807.908 10.9981 10.6569 316.13 10.1742 484.192 7.0812 5.82482
threshold=2013.654968261719 0.0084838480688631552 5.4149999618530282 0.4282041341066361 0.017275660298764709 0.41121609508991247 2.0349999666213994 0.87729769945144664 1.1027393341064455 0.018758124671876434 0.016605994664132599 272200.00000000006 0.77769476175308239 413350.00000000006 1.2010086774826052 0.59726709127426159 1.0675088763237002 -0.051138661801815026 -0.012689203023910521 -0.0037478597369045015 -0.020919200032949444 1.1502373814582827 -0.0034862733446061607 0.87577238678932201 -0.045312440022826188 12.84999990463257 0.10136052221059801 667950.00000000012 13.750000000000002 1.1426282525062563
decision_type=2 2 2 2 2 2 2 2 2 2 2 2 2 2 2 2 2 2 2 2 2 2 2 2 2 2 2 2 2 2
left_child=13 -2 3 4 5 6 -3 9 -9 10 -5 12 -12 14 17 -16 -17 -1 19 -13 21 -19 -23 -15 25 -25 -26 -28 -20 -22
right_child=1 2 -4 7 -6 -7 -8 8 -10 -11 11 18 -14 23 15 16 -18 20 28 -21 29 22 -24 24 26 -27 27 -29 -30 -31
leaf_value=0.090823703564645253 0.19673428393185138 0.13435164892665732 -0.00078964642178882291 0.11238527343674408 0.32961897450404232 0.23601151361276529 -0.011553685021853964 0.23466907339689039 -0.0070249441727699537 0.11434987636554886 -0.0043819748208951204 0.098121711060912775 0.15752980293898977 0.00039804065797724241 -0.0025560947406744845 -0.0073703885780833671 1.1220061262954366 -0.00021750068066276725 -0.010050799512295533 -0.0091586380979852434 -0.00044948016429116242 -0.0066360728724931296 0.24540079683943516 0.11802971731119656 -0.00033488486869005904 -0.00047269575554179024 0.1078668060812511 -9.7238502417929451e-05 -0.0030239607646896788 -0.0038127361656275561
leaf_weight=23 24 35 1101 35 27 20 114 20 21 36 49 21 27 21778 307 24 21 710 256 66 2598 25 20 20 239302 574 37 2308 265 564
leaf_count=23 24 35 1101 35 27 20 114 20 21 36 49 21 27 21778 307 24 21 710 256 66 2598 25 20 20 239302 574 37 2308 265 564
internal_value=-3.14752e-06 0.0175375 0.0153883 0.0333295 0.0898302 0.0497896 0.0233666 0.0193183 0.113583 0.0140518 0.00887392 0.00341658 0.0543992 -0.000141621 0.0063788 0.0671575 0.532541 0.000932405 -0.00303018 0.0175233 0.000380766 0.00637597 0.108215 -0.000247655 -0.000305718 0.00370391 -0.000315602 0.00165022 -0.00649507 -0.00105134
internal_weight=270428 2117 2093 992 196 169 149 796 41 755 719 684 76 268311 4292 352 45 3940 608 87 3917 755 45 264019 242241 594 241647 2345 521 3162
internal_count=270428 2117 2093 992 196 169 149 796 41 755 719 684 76 268311 4292 352 45 3940 608 87 3917 755 45 264019 242241 594 241647 2345 521 3162
is_linear=0
shrinkage=0.03


Tree=8
num_leaves=31
num_cat=0
split_feature=1 32 44 5 5 38 48 31 32 38 34 5 38 45 37 30 18 40 36 41 38 45 38 36 5 36 13 5 34 38
split_gain=688.414 1841.53 2233.77 649.487 1414.2 911.433 1982.82 478.058 634.238 199.274 817.312 194.52 1489.63 12009.6 15360.5 210.058 149.343 154.946 101.778 38.3009 485.614 841.067 10.3858 10.4836 411.102 634.225 7.5632 7.1003 317.753 5.24947
threshold=2013.654968261719 0.32342331111431127 0.011663211043924095 1161550.0000000002 1207800.5000000002 1.000705420970917 -0.2539024800062179 -0.02950922958552837 1.2462915778160097 1.3864760994911196 -0.0061004480812698594 413350.00000000006 1.2010086774826052 0.59726709127426159 1.0675088763237002 -0.10746974870562552 -5.4999999999999991 0.036015996709465987 1.1172353029251101 -0.0040335236117243758 1.1502373814582827 0.4625795185565949 0.89486202597618114 1.1051604747772219 667950.00000000012 1.1172353029251101 34.149999618530281 450550.00000000006 0.019200164824724201 1.1562229394912722
decision_type=2 2 2 2 2 2 2 2 2 2 2 2 2 2 2 2 2 2 2 2 2 2 2 2 2 2 2 2 2 2
left_child=11 2 -2 9 -5 6 -6 8 -7 16 -11 12 15 -14 -15 -1 -3 18 26 20 -17 -22 -13 27 25 -25 -18 28 -24 -21
right_child=1 3 -4 4 5 7 -8 -9 -10 10 -12 22 13 14 -16 19 17 -19 -20 29 21 -23 23 24 -26 -27 -28 -29 -30 -31
leaf_value=0.095535855827586988 0.038766707986740291 0.071985154148398178 0.42179288974065665 0.26136302542829742 -0.013190884680737081 0.21759846290121124 0.3032555620242201 -0.0083085504812997167 -0.017520766876371843 0.21097193160440242 -0.0088370384540263063 0.00033033066273654424 -0.0024796608787854145 -0.0071581213894486425 1.0898760183074256 -3.1685274884890402e-05 -0.008278565097644611 0.066167858654167508 0.054193615773320193 -0.00056867122698240518 -0.0075147037269547579 0.24143475863497171 -0.00038804287707647211 0.21230723404538418 -0.00010568739717740295 -0.0055000372988268219 -0.0009306219421905868 -0.00033284205010582365 0.11766441112863166 -0.0043238998082834003
leaf_weight=20 37 26 21 25 40 20 31 243 20 20 55 25894 307 24 21 680 138 31 29 2811 29 20 896 20 2397 28 1381 234764 20 380
leaf_count=20 37 26 21 25 40 20 31 243 20 20 55 25894 307 24 21 680 138 31 29 2811 29 20 896 20 2397 28 1381 234764 20 380
internal_value=-2.69473e-06 0.0170336 0.182298 0.0122906 0.0477109 0.0319203 0.127227 0.00763502 0.102406 0.00427452 0.0517439 -0.000137187 0.0061974 0.0652368 0.51729 0.00090684 0.00202362 0.000824899 -0.000523584 0.000399031 0.00659878 0.0968338 -0.000240199 -0.000302253 0.00165148 0.0876725 -0.00160516 -0.000322541 0.00231175 -0.00101802
internal_weight=270428 2117 58 2059 379 354 71 283 40 1680 75 268311 4292 352 45 3940 1605 1579 1548 3920 729 49 264019 238125 2445 48 1519 235680 916 3191
internal_count=270428 2117 58 2059 379 354 71 283 40 1680 75 268311 4292 352 45 3940 1605 1579 1548 3920 729 49 264019 238125 2445 48 1519 235680 916 3191
is_linear=0
shrinkage=0.03


Tree=9
num_leaves=31
num_cat=0
split_feature=1 32 5 5 5 39 23 35 30 5 45 37 43 43 45 43 32 33 36 40 35 35 13 35 5 39 36 5 13 37
split_gain=649.472 1737.3 2182.17 612.597 1333.74 913.877 536.738 1114.86 285.2 183.592 506.159 9110.1 15796.2 229.384 225.766 179.4 688.888 304.984 113.651 114.718 40.9697 339.381 11.8374 9.14056 288.041 8.29869 8.2288 338.055 666.704 7.1074
threshold=2013.654968261719 0.32342331111431127 371850.00000000006 1161550.0000000002 1207800.5000000002 0.87729769945144664 66.002586364746108 0.0064339868258684882 0.032315669581294067 413350.00000000006 0.59726709127426159 1.0675088763237002 0.17391375452280047 0.68736329674720775 0.60339805483818065 0.020227409899234775 1.1685977578163149 0.022649023681879047 1.141315817832947 0.036015996709465987 -0.015943116508424279 -0.016980690881609913 34.149999618530281 -0.045312440022826188 1364287.5000000002 0.50635215640068065 1.1051604747772219 667950.00000000012 66.850002288818374 0.96017587184906017
decision_type=2 2 2 2 2 2 2 2 2 2 2 2 2 2 2 2 2 2 2 2 2 2 2 2 2 2 2 2 2 2
left_child=9 2 -2 15 -5 6 25 8 -8 10 13 14 -13 20 -12 16 17 -3 19 22 21 -1 -17 24 -11 -6 29 28 -28 -25
right_child=1 3 -4 4 5 -7 7 -9 -10 23 11 12 -14 -15 -16 18 -18 -19 -20 -21 -22 -23 -24 26 -26 -27 27 -29 -30 -31
leaf_value=-0.0024662048165157114 0.33356979864835734 -0.0041277310091808626 -0.034290584925705421 0.25382369957176543 -0.017822799930403775 0.21832210307339714 -0.0091328949496150003 0.22324263919048731 0.11513393845222891 0.10998046297613917 0.080008259686524988 0.95909564818695181 -0.027413645569545526 0.096932210114869202 -0.0010809382167933246 -0.0096295079527248893 0.18540230655989043 0.11775610722548197 0.064015279438644643 0.050266846173084696 -0.001018120994110775 0.12695231203202692 -0.00091501011256329404 0.00011071069960674977 0.00021342057898307643 -0.0056138714124681416 0.207973496844859 -4.4160778312535471e-05 -0.0056075138498563317 -0.00032827298873345124
leaf_weight=138 33 153 25 25 101 21 79 30 20 21 31 24 35 21 898 157 22 20 24 38 3125 20 1266 39054 980 103 20 3077 35 220832
leaf_count=138 33 153 25 25 101 21 79 30 20 21 31 24 35 21 898 157 22 20 24 38 3125 20 1266 39054 980 103 20 3077 35 220832
internal_value=-2.24583e-06 0.0165452 0.177065 0.0119383 0.046338 0.0310029 0.0185627 0.0662131 0.0168418 -0.000132879 0.00602121 0.0248493 0.383125 0.000384284 0.00170484 0.00415316 0.0311299 0.0105414 0.000590181 -0.000492731 -0.000261708 0.0145924 -0.00188468 -0.000232956 0.00262668 -0.0117306 -0.000243861 0.00128428 0.0743317 -0.000262294
internal_weight=270428 2117 58 2059 379 354 333 129 99 268311 4292 988 59 3304 929 1680 195 173 1485 1461 3283 158 1423 264019 1001 204 263018 3132 55 259886
internal_count=270428 2117 58 2059 379 354 333 129 99 268311 4292 988 59 3304 929 1680 195 173 1485 1461 3283 158 1423 264019 1001 204 263018 3132 55 259886
is_linear=0
shrinkage=0.03


Tree=10
num_leaves=31
num_cat=0
split_feature=0 32 17 13 36 36 43 31 31 45 40 34 40 5 37 38 45 34 30 38 29 30 45 30 5 43 38 35 30 38
split_gain=436.698 933.729 3250.92 500.416 469.707 982.247 604.074 398.291 735.342 730.807 1078.82 219.979 173.043 155.684 760.636 495.219 5974.17 208.782 195.037 3095.81 28.4805 310.892 18.349 15.62 597.716 1664.92 10.2196 10.7229 298.576 9.28393
threshold=1993.4899902343752 0.32342331111431127 1.0000000180025095e-35 36.95000076293946 0.99875360727310192 1.0045079588890078 0.016605994664132599 0.029599412344396118 0.023163723759353164 0.090433485805988326 0.019965756684541706 0.023361180908977989 -0.01370813976973295 413350.00000000006 0.83576357364654552 1.2010086774826052 0.64462244510650646 -0.014517869800329207 -0.040600696578621857 1.1411393284797671 0.021264722570776943 -0.020919200032949444 0.56373170018196117 0.10136052221059801 720050.00000000012 0.097535919398069396 0.89069849252700817 -0.045312440022826188 0.029746245592832569 1.1547482609748843
decision_type=2 2 2 2 2 2 2 2 2 2 2 2 2 2 2 2 2 2 2 2 2 2 2 2 2 2 2 2 2 2
left_child=13 2 -2 4 -3 -6 -7 8 9 -8 -11 12 -9 14 -1 18 17 -17 19 -16 29 -22 -19 26 25 -25 -15 28 -28 -20
right_child=1 3 -4 -5 5 6 7 11 -10 10 -12 -13 -14 23 15 16 -18 22 20 -21 21 -23 -24 24 -26 -27 27 -29 -30 -31
leaf_value=0.18565004052008902 0.43056836495122736 -0.012557750588272874 -0.035839437802616309 -0.0014737824322990105 0.20402963184483816 0.18713105290654031 0.19421147516183554 0.0821804324079837 0.22283015571229836 -0.011150878498116508 0.21845372414296227 0.099461678238053408 -0.0070515094326537931 0.00034477693868320385 -0.00034899965294709587 0.09110369382798672 0.45916559213466407 -0.0024449814247876687 -0.00047201795802216537 0.37618105385765166 0.11709544788339091 -0.0013170862795135309 -0.029846440256922502 -0.011404920081243565 -4.2451002304845392e-05 0.31179676112266519 -0.00040293306634118863 -0.00031315362069134884 0.11482413960875212 -0.0051784338464613095
leaf_weight=20 20 184 37 1250 31 21 23 20 21 149 20 20 284 24139 306 21 27 272 2948 20 21 214 23 45 3036 20 557 236085 20 432
leaf_count=20 20 184 37 1250 31 21 23 20 21 149 20 20 284 24139 306 21 27 272 2948 20 21 214 23 45 3036 20 557 236085 20 432
internal_value=-1.9433e-05 0.0136704 0.132363 0.0102609 0.0292179 0.0422727 0.0329319 0.0265596 0.0583235 0.0392537 0.0171288 0.00555324 -0.000920954 -0.000125662 0.00553336 0.00464865 0.039169 0.00193844 0.00163428 0.0238216 -0.000371769 0.00970308 -0.00468512 -0.000217988 0.00189819 0.0912137 -0.000243168 -0.000303151 0.00377763 -0.00107579
internal_weight=270286 2080 57 2023 773 589 558 537 213 192 169 324 304 268206 4304 4284 343 316 3941 326 3615 235 295 263902 3101 65 260801 236662 577 3380
internal_count=270286 2080 57 2023 773 589 558 537 213 192 169 324 304 268206 4304 4284 343 316 3941 326 3615 235 295 263902 3101 65 260801 236662 577 3380
is_linear=0
shrinkage=0.03


Tree=11
num_leaves=31
num_cat=0
split_feature=0 33 13 36 36 45 45 36 36 32 34 5 35 38 45 32 30 38 40 36 32 34 38 36 5 32 0 45 38 35
split_gain=412.275 885.656 670.412 624.417 1103.23 716.667 1321.2 1080.6 2377.87 255.859 160.25 146.914 721.476 467.646 5633.43 198.719 179.953 2925.97 137.484 72.5025 48.4284 24.4547 271.783 15.1911 469.215 1819.78 11.5396 15.997 9.62329 9.78618
threshold=1993.4899902343752 0.0082510905340313929 35.45000076293946 0.99875360727310192 1.0045079588890078 0.34737654030323034 0.3092005997896195 1.0379955768585207 1.0279580354690554 0.58045467734336864 -0.013269540853798388 413350.00000000006 -0.045312440022826188 1.2010086774826052 0.64462244510650646 1.0203787684440615 -0.040600696578621857 1.1411393284797671 0.036015996709465987 1.1051604747772219 0.32342331111431127 0.013887171167880298 1.1665306687355044 1.1051604747772219 720050.00000000012 1.0884366631507876 51.502235412597663 0.38840143382549291 0.89069849252700817 -0.045312440022826188
decision_type=2 2 2 2 2 2 2 2 2 2 2 2 2 2 2 2 2 2 2 2 2 2 2 2 2 2 2 2 2 2
left_child=11 -2 3 -3 -5 6 7 8 -6 -9 -7 12 -1 16 15 26 17 -14 19 20 -4 -18 -23 28 25 -25 27 -15 -13 -30
right_child=1 2 18 4 5 10 -8 9 -10 -11 -12 23 13 14 -16 -17 21 -19 -20 -21 -22 22 -24 24 -26 -27 -28 -29 29 -31
leaf_value=0.17674143871157008 0.19449272561073305 -0.01687454111135768 -0.038123642715540799 0.24524971123956718 -0.012276462705232775 0.073214712701272222 0.28525083327323197 0.09917357825242322 0.33543396768803624 -0.012189865174938086 -0.0095959989540306285 0.00033281723165635107 -0.00066037310458327109 -0.0057267010235972499 0.4458825755800519 0.091072776893735857 -0.001077156758257344 0.36543301704951697 0.062787571399442618 0.038752916210575493 -0.0013371647914634461 -0.00065729965531747278 0.10695421121085226 -0.0079575979086068949 -7.1568246829453256e-05 0.31372267332406983 -0.00080815079291361822 -0.035992704436881462 0.0035936029543698921 -0.0003043130928515613
leaf_weight=21 23 141 32 25 38 23 24 21 32 118 169 24242 305 58 27 20 3335 20 30 39 1365 258 22 64 3052 20 217 21 580 235944
leaf_count=21 23 141 32 25 38 23 24 21 32 118 169 24242 305 58 27 20 3335 20 30 39 1365 258 22 64 3052 20 217 21 580 235944
internal_value=-1.84969e-05 0.013283 0.0111618 0.0381067 0.05534 0.0436124 0.0788591 0.0538989 0.14912 0.00520161 0.000636442 -0.000121713 0.00537561 0.00449362 0.0380388 0.00188529 0.00156365 0.0229111 0.000278721 -0.00106787 -0.00220862 -0.000360533 0.00813774 -0.000211401 0.0018637 0.0713874 -0.00441714 -0.0141589 -0.000236375 -0.000294727
internal_weight=270286 2080 2057 591 450 425 233 209 70 139 192 268206 4304 4283 343 316 3940 325 1466 1436 1397 3615 280 263902 3136 84 296 79 260766 236524
internal_count=270286 2080 2057 591 450 425 233 209 70 139 192 268206 4304 4283 343 316 3940 325 1466 1436 1397 3615 280 263902 3136 84 296 79 260766 236524
is_linear=0
shrinkage=0.03


Tree=12
num_leaves=31
num_cat=0
split_feature=0 32 17 13 39 43 35 29 40 36 17 40 13 35 44 30 44 43 43 0 1 39 37 40 47 9 37 26 43 0
split_gain=388.973 877.625 3031.64 447.645 566.154 433.376 525.122 1168.46 2393.47 962.53 218.816 213.531 124.908 417.903 626.732 338.669 1860.29 209.398 3599.46 5042.11 15730.6 287.661 13.0368 222.371 9.38529 8.76579 6.43394 5.72549 5.71978 3.84791
threshold=1993.4899902343752 0.32342331111431127 1.0000000180025095e-35 36.95000076293946 0.87729769945144664 0.016605994664132599 0.0024134048726409678 -0.0060508530586957923 0.010803279932588341 1.0909872651100161 53.998487472534187 0.036015996709465987 1.0000000180025095e-35 -0.045312440022826188 -0.039203926920890801 0.10136052221059801 0.043744452297687537 0.17184618115425113 0.15825562179088595 45.282499313354499 40.12249946594239 0.50118365883827221 0.79687577486038219 -0.024304227903485295 -0.037324476987123482 13.750000000000002 0.98118877410888683 2.9123952388763432 0.61774635314941417 525.01501464843761
decision_type=2 2 2 2 2 2 2 2 2 2 2 2 2 2 2 2 2 2 2 2 2 2 2 2 2 2 2 2 2 2
left_child=12 2 -2 4 5 -3 11 8 -8 10 25 24 13 14 -1 17 -17 18 -15 20 21 -20 23 28 -7 -9 -24 -5 -14 -21
right_child=1 3 -4 27 -6 6 7 9 -10 -11 -12 -13 22 15 -16 16 -18 -19 19 29 -22 -23 26 -25 -26 -27 -28 -29 -30 -31
leaf_value=-0.0055373673395564156 0.41594568341118943 0.13827983118487255 -0.03445831885188818 -0.0010749793349177342 0.15765434183848318 -0.015891530968256358 -0.01934699054833618 -0.016473276644375579 0.42271780796029734 0.1586472252523061 0.090424760294812057 0.081370686115622523 0.0014437614645083459 3.6562686985897639e-05 0.21449817843415905 0.30231699617359448 -0.0020674698698794065 -0.00090939970347379698 0.13172881422411384 0.00097447175180672536 0.97917567489863089 -0.0084255286254831391 1.1278260904945192e-05 0.099792485507338186 -0.0058708413161502474 -0.0033099024487708351 -0.0003365269683821353 -0.011254115023148747 -0.014379752909099418 -0.011850608112849294
leaf_weight=26 20 27 37 1199 28 123 23 120 20 39 20 24 933 2544 20 21 101 6038 20 69 22 35 63433 20 274 75 194875 51 20 29
leaf_count=26 20 27 37 1199 28 123 23 120 20 39 20 24 933 2544 20 21 101 6038 20 69 22 35 63433 20 274 75 194875 51 20 29
internal_value=-1.76423e-05 0.0129025 0.127973 0.00959713 0.0275269 0.0224274 0.0178804 0.0483548 0.191131 0.0235176 -0.00160138 -0.0036748 -0.0001179 0.00337138 0.0925947 0.00289842 0.0523341 0.00220346 0.00911499 0.140322 0.320308 0.0439283 -0.000238032 0.00322602 -0.00901515 -0.0114685 -0.000251105 -0.00150135 0.00109381 -0.00287177
internal_weight=270286 2080 57 2023 773 745 718 297 43 254 215 421 268206 8925 46 8879 122 8757 2719 175 77 55 259281 973 397 195 258308 1250 953 98
internal_count=270286 2080 57 2023 773 745 718 297 43 254 215 421 268206 8925 46 8879 122 8757 2719 175 77 55 259281 973 397 195 258308 1250 953 98
is_linear=0
shrinkage=0.03


Tree=13
num_leaves=31
num_cat=0
split_feature=1 33 14 39 36 40 43 34 24 35 39 39 5 37 38 45 34 30 38 32 41 42 47 45 36 5 45 38 35 38
split_gain=366.453 873.607 380.514 529.271 490.322 1441.85 608.467 1597.53 2689.32 548.894 206.833 160.621 131.295 680.156 423.995 5164.97 191.995 169.659 2690.25 27.8237 25.34 317.13 24.782 16.9379 14.0077 446.446 1752.86 9.72129 14.3444 8.83356
threshold=2013.654968261719 0.0082510905340313929 10.550000190734865 0.87729769945144664 1.0909872651100161 -0.017541651614010331 0.023963922634720806 -0.0091200731694698316 51.327854156494148 0.0099736009724438208 0.76513218879699718 0.72463393211364757 413350.00000000006 0.83576357364654552 1.2010086774826052 0.64462244510650646 -0.014517869800329207 -0.040600696578621857 1.1411393284797671 0.38312505185604101 -0.0056270498316735021 0.46344678103923803 0.0052898451685905465 0.56373170018196117 1.1051604747772219 720050.00000000012 0.3425877988338471 1.1562229394912722 0.012027761433273556 0.89069849252700817
decision_type=2 2 2 2 2 2 2 2 2 2 2 2 2 2 2 2 2 2 2 2 2 2 2 2 2 2 2 2 2 2
left_child=12 -2 3 4 6 -6 7 8 -3 10 -9 22 13 -1 17 16 -16 18 -15 -4 21 -19 -8 -18 29 26 -26 -22 -29 -14
right_child=1 2 19 -5 5 -7 11 9 -10 -11 -12 -13 24 14 15 -17 23 20 -20 -21 27 -23 -24 -25 25 -27 -28 28 -30 -31
leaf_value=0.17540423827192597 0.19640000203899716 0.41495797778938248 -0.02949231744868765 0.14760404809713362 0.23031075917103805 -0.012534898725897073 -0.014960279917269202 -0.0096759856826223282 -0.015839859983573356 0.13869845054694049 0.089317058026258417 0.054736266515038622 0.000322400338259913 -0.00041729342438709725 0.087077324758410776 0.42670554631948465 -0.0026260840500288212 -0.00061340349498649439 0.35061962854862211 -0.0014853077221814745 -0.00054299008263159073 0.1203726509234735 -0.0024261984661986665 -0.028957367487717416 -0.0089125888071139338 -8.2868119352745006e-05 0.30739813880675609 -0.0041133854110369326 -0.029064778799572109 -0.00027885330610818337
leaf_weight=20 22 25 32 29 36 54 262 198 26 28 20 38 24241 305 21 27 272 272 20 1003 2910 20 311 23 63 3052 20 393 21 236522
leaf_count=20 22 25 32 29 36 54 262 198 26 28 20 38 24241 305 21 27 272 272 20 1003 2910 20 311 23 63 3052 20 393 21 236522
internal_value=-1.67745e-05 0.0125116 0.010454 0.0233823 0.0196255 0.0860338 0.0129525 0.0480994 0.199197 0.0160826 -0.000213986 -0.0041778 -0.000114181 0.00508269 0.00424609 0.0361877 0.00157036 0.00145686 0.022185 -0.00238175 -0.000410942 0.00804562 -0.00817862 -0.00478006 -0.000198969 0.00179399 0.0700233 -0.00115692 -0.00545325 -0.000222947
internal_weight=270286 2084 2062 1027 998 90 908 297 51 246 218 611 268202 4304 4284 343 316 3941 325 1035 3616 292 573 295 263898 3135 83 3324 414 260763
internal_count=270286 2084 2062 1027 998 90 908 297 51 246 218 611 268202 4304 4284 343 316 3941 325 1035 3616 292 573 295 263898 3135 83 3324 414 260763
is_linear=0
shrinkage=0.03


Tree=14
num_leaves=31
num_cat=0
split_feature=0 32 11 13 36 36 43 31 31 40 42 5 32 38 5 35 38 45 32 30 38 41 42 44 36 5 43 38 35 38
split_gain=346.35 827.52 2851.38 395.55 406.679 873.082 527.711 389.831 687.509 681.709 1516.65 226.496 557.913 162.716 124.053 638.242 400.211 4870.38 182.426 155.879 2543.2 23.4699 299.64 13.3996 13.1583 414.398 1730.8 9.07166 13.5739 8.31335
threshold=1993.4899902343752 0.32342331111431127 0.60500001907348644 36.95000076293946 0.99875360727310192 1.0045079588890078 0.016605994664132599 0.029599412344396118 0.023163723759353164 -0.0012871650978922842 0.54864433407783519 518350.00000000006 0.80287429690361034 1.0714930891990664 413350.00000000006 -0.045312440022826188 1.2010086774826052 0.64462244510650646 1.0203787684440615 -0.040600696578621857 1.1411393284797671 -0.0056270498316735021 0.46344678103923803 0.1434176564216614 1.1051604747772219 720050.00000000012 0.12300760671496393 1.1562229394912722 0.012027761433273556 0.89069849252700817
decision_type=2 2 2 2 2 2 2 2 2 2 2 2 2 2 2 2 2 2 2 2 2 2 2 2 2 2 2 2 2 2
left_child=14 2 -2 4 -3 -6 -7 8 9 -8 -11 12 -9 -12 15 -1 19 18 23 20 -17 22 -21 -18 29 26 -26 -23 -29 -16
right_child=1 3 -4 -5 5 6 7 11 -10 10 13 -13 -14 -15 24 16 17 -19 -20 21 -22 27 -24 -25 25 -27 -28 28 -30 -31
leaf_value=0.16611892452836036 0.3930853250676935 -0.013045439782907332 -0.039403529895821937 -0.0014662890218969376 0.19046104618531534 0.17327760006080975 -0.014191414293367415 -0.0080079570785819669 0.21368498202616518 0.30766994346289533 0.091058299858921332 -0.011934616507108951 0.16045825820570239 -0.01056705788154663 0.00031278180006098571 -0.00070555924199317249 -0.0027291427006205754 0.41436157250404354 0.086982342794537537 -0.00065328131615770366 0.34060193848609926 -0.00051679938293937365 0.11693343762787325 -0.027633451770991083 -0.010267234976016558 -8.0382900052566254e-05 0.30341553159270968 -0.003958592415280739 -0.028232469495555215 -0.0002704864897821434
leaf_weight=21 21 184 36 1250 31 21 107 55 21 22 20 244 25 43 24242 305 276 27 20 273 20 2909 20 20 64 3052 20 392 21 236524
leaf_count=21 21 184 36 1250 31 21 107 55 21 22 20 244 25 43 24242 305 276 27 20 273 20 2909 20 20 64 3052 20 392 21 236524
internal_value=-1.59858e-05 0.0121757 0.123913 0.00896625 0.0258204 0.0379685 0.0291658 0.023213 0.0546359 0.0362073 0.0991126 0.0024415 0.0459317 0.0225668 -0.000110591 0.00494093 0.00411137 0.0351438 0.00152793 0.00140082 0.0212691 -0.000389968 0.00773334 -0.00450934 -0.000193007 0.00173827 0.0670748 -0.00110946 -0.00526532 -0.000216251
internal_weight=270286 2080 57 2023 773 589 558 537 213 192 85 324 80 63 268206 4304 4283 343 316 3940 325 3615 293 296 263902 3136 84 3322 413 260766
internal_count=270286 2080 57 2023 773 589 558 537 213 192 85 324 80 63 268206 4304 4283 343 316 3940 325 3615 293 296 263902 3136 84 3322 413 260766
is_linear=0
shrinkage=0.03


Tree=15
num_leaves=31
num_cat=0
split_feature=0 40 13 5 39 30 39 5 5 43 39 29 47 5 35 38 4 4 40 38 42 40 26 29 4 35 13 30 5 38
split_gain=406.114 856.933 553.326 727.23 641.19 373.097 1712.36 442.986 626.466 1007.99 234.552 184.24 177.844 171.305 654.367 652.032 2836.95 13139.7 158.618 113.798 1000.72 3043.73 73.7555 212.257 44.5725 17.2652 17.0077 13.6539 579.551 1508.65
threshold=1993.4899902343752 -0.044223692268133157 35.45000076293946 483550.00000000006 0.87729769945144664 -0.00087671386427246023 0.39960783720016485 1184530.0000000002 845815.00000000012 0.023963922634720806 0.23807680606842044 0.0095740798860788363 -0.06708164885640143 413350.00000000006 -0.045312440022826188 1.2010086774826052 37.093540191650398 33.311946868896491 0.036015996709465987 1.1487503051757815 0.47260925173759466 0.014599178917706014 2.9123952388763432 0.0023370306007564072 17.277887344360355 0.012027761433273556 37.95000076293946 0.10136052221059801 720050.00000000012 1.2010086774826052
decision_type=2 2 2 2 2 2 2 2 2 2 2 2 2 2 2 2 2 2 2 2 2 2 2 2 2 2 2 2 2 2
left_child=13 -2 3 -3 5 12 -7 8 -8 -10 -4 -11 -5 14 -1 19 17 24 22 -16 21 -21 26 -24 -17 -22 -12 -15 29 -29
right_child=1 2 10 4 -6 6 7 -9 9 11 18 -13 -14 27 15 16 -18 -19 -20 20 25 -23 23 -25 -26 -27 -28 28 -30 -31
leaf_value=0.17295466988427299 0.1952453436573876 0.20948110753484073 0.08756154571303966 0.067315050493854167 0.18122940997779369 0.28746356935426592 -0.011722352713896806 -0.016186316348012125 0.23874395430767356 -0.014957454410765099 -0.0099881393147850349 0.098278433594852693 -0.016020217640534171 -0.00021892801101001689 -0.00061195864259148264 -0.052302392033653118 -0.0058510549555489616 0.79115507185972811 0.070646093609077587 -0.0088742824040501447 -0.0036894720443551078 0.36508873491607868 -0.012505734231167782 0.10776949713685152 -0.00317971528902029 -0.029449745904207226 -0.0012681031934295979 -0.01294776540688638 -6.3760716362074003e-05 0.29937920321391098
leaf_weight=20 22 20 27 25 23 23 65 134 33 33 243 20 202 260707 3323 26 271 23 27 65 392 27 35 20 44 24 1160 41 3054 20
leaf_count=20 22 20 27 25 23 23 65 134 33 33 243 20 202 260707 3323 26 271 23 27 65 392 27 35 20 44 24 1160 41 3054 20
internal_value=3.82439e-06 0.0131044 0.0110932 0.0360321 0.0294463 0.0225895 0.0440449 0.0234537 0.0585257 0.111179 0.00154025 0.0287462 -0.00657418 -9.94391e-05 0.00590001 0.00506182 0.0433753 0.185388 -7.963e-05 0.00141034 0.01462 0.103589 -0.00143895 0.0323206 -0.0219472 -0.00524989 -0.00278659 -0.000195324 0.00177868 0.0925832
internal_weight=270149 2112 2090 578 558 535 308 285 151 86 1512 53 227 268037 4215 4195 364 93 1485 3831 508 92 1458 55 70 416 1403 263822 3115 61
internal_count=270149 2112 2090 578 558 535 308 285 151 86 1512 53 227 268037 4215 4195 364 93 1485 3831 508 92 1458 55 70 416 1403 263822 3115 61
is_linear=0
shrinkage=0.03


Tree=16
num_leaves=31
num_cat=0
split_feature=0 32 5 5 39 30 39 45 5 30 38 5 35 38 45 0 40 38 36 40 37 45 35 30 5 32 13 4 2 13
split_gain=383.346 1282.79 2882.58 375.61 604.237 505.413 2592.59 779.385 1110.01 190.197 189.93 161.649 617.506 615.21 5981.52 10340.7 152.652 107.342 1061.83 3025.26 80.8452 207.031 16.5279 12.8828 546.966 1524.09 12.8244 9.9433 14.102 8.80186
threshold=1993.4899902343752 0.32342331111431127 272200.00000000006 845815.00000000012 0.87729769945144664 0.0037896936992183332 0.4282041341066361 0.17678458988666537 1296350.0000000002 0.0094645130448043364 1.5148741006851199 413350.00000000006 -0.045312440022826188 1.2010086774826052 0.60339805483818065 118.91484832763673 0.036015996709465987 1.1487503051757815 0.9970030188560487 0.014599178917706014 1.0642110705375674 0.46021895110607153 0.012027761433273556 0.10136052221059801 720050.00000000012 0.93218943476676952 36.95000076293946 37.533847808837898 33.002500534057624 34.149999618530281
decision_type=2 2 2 2 2 2 2 2 2 2 2 2 2 2 2 2 2 2 2 2 2 2 2 2 2 2 2 2 2 2
left_child=11 2 -2 10 5 20 -7 8 -8 -9 16 12 -1 17 27 -16 26 -14 19 -19 -5 -22 -20 -13 25 -25 -3 28 -15 -11
right_child=1 3 -4 4 -6 6 7 9 -10 29 -12 23 13 14 15 -17 -18 18 22 -21 21 -23 -24 24 -26 -27 -28 -29 -30 -31
leaf_value=0.16801310815129961 0.35283927457371067 -0.0078347414259611909 -0.048677136222229286 -0.015806792245146525 0.17351268109336496 0.33637405849735325 0.28683778818730604 0.08275269116887024 -0.013803026692698832 -0.017393167196295595 0.086121257992542305 -0.00021236019859472121 -0.00059360540275026151 -0.0047068579749589704 0.8527884647165026 -0.048305715887305825 0.068602409005165108 -0.0097370021703235537 -0.0034186048949092262 0.38054747737829497 -0.013799430626805644 0.095399697843007752 -0.028601592841297388 -0.016057129114866255 -6.1848528017504524e-05 0.29780259374741996 -0.00070755097148356616 -0.0010189005656695992 -0.033123868642617821 -0.0037949874725542033
leaf_weight=20 30 283 33 204 24 25 21 20 22 118 22 260707 3323 52 20 25 27 57 402 25 48 22 24 41 3054 20 1144 245 22 69
leaf_count=20 30 283 33 204 24 25 21 20 22 118 22 260707 3323 52 20 25 27 57 402 25 48 22 24 41 3054 20 1144 245 22 69
internal_value=4.03841e-06 0.0127321 0.145 0.0085951 0.0291873 0.0225685 0.0512248 0.0214714 0.136135 -0.00287322 0.000584593 -9.62885e-05 0.00573162 0.00491736 0.0421333 0.361948 -0.000765873 0.00137046 0.0141999 0.112367 -0.00626317 0.0213383 -0.00490805 -0.000189432 0.00172802 0.0899428 -0.0021276 -0.00396238 -0.0135242 -0.0124385
internal_weight=270149 2112 63 2049 573 549 275 250 43 207 1476 268037 4215 4195 364 45 1454 3831 508 82 274 70 426 263822 3115 61 1427 319 74 187
internal_count=270149 2112 63 2049 573 549 275 250 43 207 1476 268037 4215 4195 364 45 1454 3831 508 82 274 70 426 263822 3115 61 1427 319 74 187
is_linear=0
shrinkage=0.03


end of trees

feature_importances:
sma_200_ratio=57
volume=54
gap_open=36
sma_20_ratio=31
close_return_5d=30
volume_ratio_20d=28
adx_14=25
macd_signal=23
sma_50_ratio=22
atr_14_pct=22
gross_margin=18
open_close_range=18
open=16
rsi_14=15
high_low_range=14
macd_histogram=12
high=10
adjusted_close=8
close_return_21d=8
close_return_1d=7
bb_position=6
obv_slope=6
pb_ratio_zscore=6
ps_ratio=5
close=4
size_score=4
pb_ratio=3
earnings_growth_yoy=3
momentum_score=3
pe_ratio_zscore=3
ps_ratio_zscore=3
roe=2
fcf_yield=2
low=1
debt_to_equity=1
net_margin=1
revenue_growth_yoy=1
value_score=1
quality_score=1

parameters:
[boosting: gbdt]
[objective: regression]
[metric: rmse]
[tree_learner: serial]
[device_type: cpu]
[data_sample_strategy: bagging]
[data: ]
[valid: ]
[num_iterations: 300]
[learning_rate: 0.03]
[num_leaves: 31]
[num_threads: 1]
[seed: 42]
[deterministic: 0]
[force_col_wise: 0]
[force_row_wise: 1]
[histogram_pool_size: -1]
[max_depth: -1]
[min_data_in_leaf: 20]
[min_sum_hessian_in_leaf: 0.001]
[bagging_fraction: 0.8]
[pos_bagging_fraction: 1]
[neg_bagging_fraction: 1]
[bagging_freq: 5]
[bagging_seed: 400]
[bagging_by_query: 0]
[feature_fraction: 0.8]
[feature_fraction_bynode: 1]
[feature_fraction_seed: 30056]
[extra_trees: 0]
[extra_seed: 12879]
[early_stopping_round: 0]
[early_stopping_min_delta: 0]
[first_metric_only: 0]
[max_delta_step: 0]
[lambda_l1: 0.1]
[lambda_l2: 1]
[linear_lambda: 0]
[min_gain_to_split: 0]
[drop_rate: 0.1]
[max_drop: 50]
[skip_drop: 0.5]
[xgboost_dart_mode: 0]
[uniform_drop: 0]
[drop_seed: 17869]
[top_rate: 0.2]
[other_rate: 0.1]
[min_data_per_group: 100]
[max_cat_threshold: 32]
[cat_l2: 10]
[cat_smooth: 10]
[max_cat_to_onehot: 4]
[top_k: 20]
[monotone_constraints: ]
[monotone_constraints_method: basic]
[monotone_penalty: 0]
[feature_contri: ]
[forcedsplits_filename: ]
[refit_decay_rate: 0.9]
[cegb_tradeoff: 1]
[cegb_penalty_split: 0]
[cegb_penalty_feature_lazy: ]
[cegb_penalty_feature_coupled: ]
[path_smooth: 0]
[interaction_constraints: ]
[verbosity: -1]
[saved_feature_importance_type: 0]
[use_quantized_grad: 0]
[num_grad_quant_bins: 4]
[quant_train_renew_leaf: 0]
[stochastic_rounding: 1]
[linear_tree: 0]
[max_bin: 255]
[max_bin_by_feature: ]
[min_data_in_bin: 3]
[bin_construct_sample_cnt: 200000]
[data_random_seed: 175]
[is_enable_sparse: 1]
[enable_bundle: 1]
[use_missing: 1]
[zero_as_missing: 0]
[feature_pre_filter: 1]
[pre_partition: 0]
[two_round: 0]
[header: 0]
[label_column: ]
[weight_column: ]
[group_column: ]
[ignore_column: ]
[categorical_feature: ]
[forcedbins_filename: ]
[precise_float_parser: 0]
[parser_config_file: ]
[objective_seed: 16083]
[num_class: 1]
[is_unbalance: 0]
[scale_pos_weight: 1]
[sigmoid: 1]
[boost_from_average: 1]
[reg_sqrt: 0]
[alpha: 0.9]
[fair_c: 1]
[poisson_max_delta_step: 0.7]
[tweedie_variance_power: 1.5]
[lambdarank_truncation_level: 30]
[lambdarank_norm: 1]
[label_gain: ]
[lambdarank_position_bias_regularization: 0]
[eval_at: ]
[multi_error_top_k: 1]
[auc_mu_weights: ]
[num_machines: 1]
[local_listen_port: 12400]
[time_out: 120]
[machine_list_filename: ]
[machines: ]
[gpu_platform_id: -1]
[gpu_device_id: -1]
[gpu_use_dp: 0]
[num_gpu: 1]

end of parameters

pandas_categorical:null
